5
0.00029592338593516655
1
2.8254353675226315e-07 4.67e-04
-5.340240948253185 -1.099140289186828 0.1241434222425232
0.0014242691348831191 -0.007047702200482754 -2.7321058107216422e-06
2
8.4585789891429626e-08 3.89e-04
7.8893232093398913 -5.8757155350551811 -0.21133975684872741
0.0030299545618556597 0.0044587309575141862 -0.00019825460868634048
3
1.2939935543100553e-08 1.70e-04
6.5049234551558524 -18.479220972124676 -0.1528606975818817
0.0036831347299568634 0.0011187566626741125 -4.3588476230266692e-05
4
1.5234935437354126e-08 1.65e-04
10.012867244599059 -28.474426407868112 0.35553131764525892
0.002943632518243726 0.0010538744434304137 -8.9650648676507065e-05
