6
2.9592338593516655e-04
1
2.8254525641283274e-07 1.18e+00
4.5918943001967358e+00 -1.9709958606501974e+00 -9.4549139762127490e-02
2.8893825114484893e-03 7.2970285847501412e-03 -9.4950843204007923e-05
2
8.4600256262318645e-08 1.44e+00
6.8714519854688243e+00 -7.1598368412152782e+00 -1.4897975747220599e-01
3.7180208185877768e-03 3.8582581169715195e-03 -2.1500199869439995e-04
3
1.2920736301254003e-08 1.56e+00
1.4462615105901829e+01 1.3413881199852474e+01 -1.3759249615001365e-01
-2.7011265020359843e-03 2.7077815095507933e-03 4.4914894902782592e-05
4
1.5244149282477496e-08 2.69e+00
2.9623291615662275e+01 -4.1658968456087795e+00 -5.9695701868708229e-01
4.1975834730653602e-04 3.1356430658990536e-03 -7.4141270844192337e-05
5
1.7771383018950493e-09 2.21e+00
-5.4999150511223854e+02 -3.5529580382807255e-03 -1.6939881107709735e-04
3.7204036259404928e-06 -2.7324632097711787e-04 -1.0264237317585732e-04
