6
2.9592515461597806e-04
1
2.8254353675226315e-07 4.67e-04
3.4095304279450023e+00 3.6358700383230000e+00 3.4240287799699953e-02
-5.6047760351105426e-03 5.5245975584252678e-03 -2.6640322207291694e-06
2
8.4510905281918711e-08 3.89e-04
6.6120798297050021e+00 6.3869348834149999e+00 -1.3614430210149972e-01
-4.1803096422725261e-03 4.0036523561821245e-03 1.6724079933444766e-05
3
1.2939935543100553e-08 1.70e-04
1.1167697426230042e+01 1.6043436043289958e+01 3.6178494099300029e-01
-3.2656002252987480e-03 2.0707624627541886e-03 -2.1767183296662201e-05
4
1.5321703734864170e-08 1.65e-04
-3.0173660054849957e+01 1.9176412875449997e+00 -1.5388593399799974e-01
-2.2416650761245040e-04 -3.1073305712274284e-03 3.5838279420640663e-05
5
1.7771383018950493e-09 5.54e-05
-1.3321658984387614e+02 4.6602289068039077e+01 8.2161690841786132e+00
-1.7840981990471180e-03 2.1555188713683971e-04 3.6892948046195949e-05
