5
0.0002959139768996 
.0 .0 .0 
.0 .0 .0 
0.0000002825328645 
-4.4350852352242400  3.0149685386866762  0.0867210080276734 
-0.0043363040932211 -0.0058901096635731  0.0001214890231109 
0.0000000845077131 
-4.7648891870209837 -8.7608281685340508  0.3419776549676338 
 0.0045937938772114 -0.0026863160560357 -0.0001362609315287 
0.0000000129394468 
19.1438020405001943  5.7663652296911536 -0.2264879088017573 
-0.0011656658305625  0.0035765440134878  0.0000284478563355 
0.0000000153211250 
27.6981357120213438 -11.4263081958406172 -0.4029488896183038 
 0.0011733647784870  0.0029144352334921 -0.0000871760752968 
